timestamp: 2025-11-02T04:08:29.429219+00:00
python: 3.12.10
platform: Windows-11-10.0.26100-SP0
