timestamp: 2025-11-07T16:16:18.717601+00:00
python: 3.12.10
platform: Windows-11-10.0.26100-SP0
